1 525 0 0 0 0 0 2 322345.2653974189 296944.5807858148 322345.2653974189 296944.5807858148 
2 951 0 0 0 0 0 2 322348.1431819215 296946.08786931244 322348.1431819215 296946.08786931244 
3 521 0 0 0 0 0 2 322338.9074654816 296947.8181339201 322338.9074654816 296947.8181339201 
4 525 0 0 0 0 0 2 322337.87257028994 296950.0089181758 322337.87257028994 296950.0089181758 
5 200 0 0 0 0 0 2 322266.9605239206 297253.11988434463 322266.9605239206 297253.11988434463 
6 181 0 0 0 0 0 2 322793.740039112 297340.32476749725 322793.740039112 297340.32476749725 
7 180 0 0 0 0 0 2 322800.2335033708 297341.0881362029 322800.2335033708 297341.0881362029 
8 179 0 0 0 0 0 2 322780.4810644614 297355.57005293644 322780.4810644614 297355.57005293644 
9 179 0 0 0 0 0 2 322780.4144969152 297358.1276185719 322780.4144969152 297358.1276185719 
10 47 0 0 0 0 0 2 322791.1324506552 297368.6043243922 322791.1324506552 297368.6043243922 
11 47 0 0 0 0 0 2 322796.3752072499 297369.10830703814 322796.3752072499 297369.10830703814 
12 47 0 0 0 0 0 2 322795.7177479043 297369.7025065594 322795.7177479043 297369.7025065594 
13 179 0 0 0 0 0 2 322777.593096944 297373.8795281522 322777.593096944 297373.8795281522 
14 184 0 0 0 0 0 2 322768.25182898314 297431.2331142863 322768.25182898314 297431.2331142863 
15 176 0 0 0 0 0 2 322777.6895405201 297444.3550061442 322777.6895405201 297444.3550061442 
16 1142 0 0 0 0 0 2 329443.34841461206 297579.8597107031 329443.34841461206 297579.8597107031 
17 1142 0 0 0 0 0 2 329442.56311721454 297580.14211096475 329442.56311721454 297580.14211096475 
18 176 0 0 0 0 0 2 322776.9510396101 297447.4304225213 322776.9510396101 297447.4304225213 
19 1142 0 0 0 0 0 2 329445.3025238557 297582.1138210824 329445.3025238557 297582.1138210824 
20 670 0 0 0 0 0 2 329448.78257958475 297584.37967862975 329448.78257958475 297584.37967862975 
21 667 0 0 0 0 0 2 329440.3043540591 297585.05742228014 329440.3043540591 297585.05742228014 
22 176 0 0 0 0 0 2 322771.81905936694 297451.85634435975 322771.81905936694 297451.85634435975 
23 1004 0 0 0 0 0 2 329453.0100604297 297586.6035595256 329453.0100604297 297586.6035595256 
24 1144 0 0 0 0 0 2 329438.7330734809 297587.5426978831 329438.7330734809 297587.5426978831 
25 1004 0 0 0 0 0 2 329455.96074675623 297588.5695212838 329455.96074675623 297588.5695212838 
26 1147 0 0 0 0 0 2 329460.5776828969 297591.2325879023 329460.5776828969 297591.2325879023 
27 1008 0 0 0 0 0 2 329440.7082357862 297592.27715539455 329440.7082357862 297592.27715539455 
28 1143 0 0 0 0 0 2 329459.2802274468 297592.9427785294 329459.2802274468 297592.9427785294 
29 1141 0 0 0 0 0 2 329444.08858927194 297594.5740287402 329444.08858927194 297594.5740287402 
30 1143 0 0 0 0 0 2 329457.7418017399 297595.5357996523 329457.7418017399 297595.5357996523 
31 1003 0 0 0 0 0 2 329447.92679525295 297595.853336013 329447.92679525295 297595.853336013 
32 1144 0 0 0 0 0 2 329451.2486794849 297598.07197104156 329451.2486794849 297598.07197104156 
33 672 0 0 0 0 0 2 329424.6146617163 297627.08195449517 329424.6146617163 297627.08195449517 
34 1090 0 0 0 0 0 2 322708.1675570165 297688.94883199455 322708.1675570165 297688.94883199455 
35 163 0 0 0 0 0 2 322711.66807166924 297689.84701861127 322711.66807166924 297689.84701861127 
36 163 0 0 0 0 0 2 322716.3767920387 297691.9214208884 322716.3767920387 297691.9214208884 
37 796 0 0 0 0 0 2 322694.6281122893 297691.64709251764 322694.6281122893 297691.64709251764 
38 796 0 0 0 0 0 2 322695.0941420159 297692.2088992209 322695.0941420159 297692.2088992209 
39 796 0 0 0 0 0 2 322699.1032883837 297692.9952488252 322699.1032883837 297692.9952488252 
40 163 0 0 0 0 0 2 322712.1203953643 297708.0657068352 322712.1203953643 297708.0657068352 
41 163 0 0 0 0 0 2 322703.75156751217 297715.09435478586 322703.75156751217 297715.09435478586 
42 1091 0 0 0 0 0 2 322689.1698100215 297714.8904539624 322689.1698100215 297714.8904539624 
43 1091 0 0 0 0 0 2 322693.5714441321 297715.7167403641 322693.5714441321 297715.7167403641 
44 795 0 0 0 0 0 2 322696.54550093535 297715.9728434512 322696.54550093535 297715.9728434512 
45 50 0 0 0 0 0 2 326563.1417821633 298197.48052233784 326563.1417821633 298197.48052233784 
46 50 0 0 0 0 0 2 326565.70354833215 298199.4256165036 326565.70354833215 298199.4256165036 
47 52 0 0 0 0 0 2 326568.3247843219 298205.2708827603 326568.3247843219 298205.2708827603 
48 52 0 0 0 0 0 2 326568.22701320855 298208.333248083 326568.22701320855 298208.333248083 
49 134 0 0 0 0 0 2 326568.61969335156 298208.4632584311 326568.61969335156 298208.4632584311 
50 757 0 0 0 0 0 2 326536.73572433717 298209.9850614929 326536.73572433717 298209.9850614929 
51 757 0 0 0 0 0 2 326536.32338375907 298210.18490653764 326536.32338375907 298210.18490653764 
52 757 0 0 0 0 0 2 326536.483285313 298212.87617977615 326536.483285313 298212.87617977615 
53 61 0 0 0 0 0 2 329153.31852349127 298430.5319473715 329153.31852349127 298430.5319473715 
54 128 0 0 0 0 0 2 327266.4885927184 298486.08555465454 327266.4885927184 298486.08555465454 
55 128 0 0 0 0 0 2 327275.4382295237 298487.9823231532 327275.4382295237 298487.9823231532 
56 127 0 0 0 0 0 2 327290.67772290844 298488.9340954446 327290.67772290844 298488.9340954446 
57 128 0 0 0 0 0 2 327277.6969899617 298489.5690473722 327277.6969899617 298489.5690473722 
58 121 0 0 0 0 0 2 327280.7880207654 298491.471782099 327280.7880207654 298491.471782099 
59 127 0 0 0 0 0 2 327289.19641118206 298497.23160416866 327289.19641118206 298497.23160416866 
60 127 0 0 0 0 0 2 327286.0518216771 298500.71491461527 327286.0518216771 298500.71491461527 
61 119 0 0 0 0 0 2 327266.72108778503 298501.70419771055 327266.72108778503 298501.70419771055 
62 119 0 0 0 0 0 2 327267.0768483687 298501.8784990135 327267.0768483687 298501.8784990135 
63 123 0 0 0 0 0 2 327284.0887539075 298504.1179687517 327284.0887539075 298504.1179687517 
64 123 0 0 0 0 0 2 327284.49691211584 298504.4234262057 327284.49691211584 298504.4234262057 
65 130 0 0 0 0 0 2 327264.78413802094 298505.30092605436 327264.78413802094 298505.30092605436 
66 130 0 0 0 0 0 2 327261.64162248455 298508.58212304086 327261.64162248455 298508.58212304086 
67 130 0 0 0 0 0 2 327259.04837817536 298516.9332684048 327259.04837817536 298516.9332684048 
68 125 0 0 0 0 0 2 327267.8456124518 298517.15668623074 327267.8456124518 298517.15668623074 
69 120 0 0 0 0 0 2 327270.9458052784 298518.2079538966 327270.9458052784 298518.2079538966 
70 120 0 0 0 0 0 2 327273.614477937 298520.26129460585 327273.614477937 298520.26129460585 
71 120 0 0 0 0 0 2 327281.1020523313 298520.517350497 327281.1020523313 298520.517350497 
72 1159 0 0 0 0 0 2 324491.75454797875 298499.6723531284 324491.75454797875 298499.6723531284 
73 774 0 0 0 0 0 2 324466.0083330721 298515.94286554673 324466.0083330721 298515.94286554673 
74 774 0 0 0 0 0 2 324467.6589169825 298518.109754035 324467.6589169825 298518.109754035 
75 609 0 0 0 0 0 2 327445.0405405165 298611.05177824554 327445.0405405165 298611.05177824554 
76 609 0 0 0 0 0 2 327443.4604123181 298613.5788781405 327443.4604123181 298613.5788781405 
77 612 0 0 0 0 0 2 327465.05651038786 298618.9120937047 327465.05651038786 298618.9120937047 
78 116 0 0 0 0 0 2 327449.7640277785 298622.2255137498 327449.7640277785 298622.2255137498 
79 114 0 0 0 0 0 2 327463.0647609072 298623.3403576173 327463.0647609072 298623.3403576173 
80 730 0 0 0 0 0 2 327462.47799508716 298628.6666181147 327462.47799508716 298628.6666181147 
81 116 0 0 0 0 0 2 327450.28540757595 298630.4653346601 327450.28540757595 298630.4653346601 
82 730 0 0 0 0 0 2 327460.4255180189 298631.54046677554 327460.4255180189 298631.54046677554 
83 58 0 0 0 0 0 2 329043.22269788437 298666.91467580694 329043.22269788437 298666.91467580694 
84 730 0 0 0 0 0 2 327456.9066025782 298635.42254167947 327456.9066025782 298635.42254167947 
85 1176 0 0 0 0 0 2 327509.2065256537 298647.4915616629 327509.2065256537 298647.4915616629 
86 1176 0 0 0 0 0 2 327506.9121794501 298650.00225900015 327506.9121794501 298650.00225900015 
87 1176 0 0 0 0 0 2 327513.8803323179 298650.2598548824 327513.8803323179 298650.2598548824 
88 1176 0 0 0 0 0 2 327516.23528695374 298651.49324964435 327516.23528695374 298651.49324964435 
89 105 0 0 0 0 0 2 327498.6212608782 298652.21390452055 327498.6212608782 298652.21390452055 
90 105 0 0 0 0 0 2 327498.8806322235 298652.3542380852 327498.8806322235 298652.3542380852 
91 110 0 0 0 0 0 2 327505.1628475472 298652.7811431867 327505.1628475472 298652.7811431867 
92 108 0 0 0 0 0 2 327497.0946412028 298655.4125978049 327497.0946412028 298655.4125978049 
93 108 0 0 0 0 0 2 327494.79684464785 298659.93076455634 327494.79684464785 298659.93076455634 
94 1176 0 0 0 0 0 2 327534.6617451437 298669.34420640225 327534.6617451437 298669.34420640225 
95 108 0 0 0 0 0 2 327499.31645091786 298673.82047812385 327499.31645091786 298673.82047812385 
96 108 0 0 0 0 0 2 327499.0012582727 298674.66177245835 327499.0012582727 298674.66177245835 
97 615 0 0 0 0 0 2 327508.0356141761 298679.60359213746 327508.0356141761 298679.60359213746 
98 113 0 0 0 0 0 2 327510.21573932475 298680.8714910521 327510.21573932475 298680.8714910521 
99 113 0 0 0 0 0 2 327514.01010221883 298682.6853334435 327514.01010221883 298682.6853334435 
100 152 0 0 0 0 0 2 323683.4648988426 298639.4965026463 323683.4648988426 298639.4965026463 
101 152 0 0 0 0 0 2 323686.1506231371 298639.6597396275 323686.1506231371 298639.6597396275 
102 152 0 0 0 0 0 2 323689.94086370413 298641.32735928183 323689.94086370413 298641.32735928183 
103 1136 0 0 0 0 0 2 328266.9082239042 299052.64417621563 328266.9082239042 299052.64417621563 
104 90 0 0 0 0 0 2 328285.16226372024 299056.1687153597 328285.16226372024 299056.1687153597 
105 90 0 0 0 0 0 2 328285.5943333439 299056.8269287178 328285.5943333439 299056.8269287178 
106 95 0 0 0 0 0 2 327647.07510490343 299046.66774952796 327647.07510490343 299046.66774952796 
107 102 0 0 0 0 0 2 327654.4912268032 299047.63893223554 327654.4912268032 299047.63893223554 
108 983 0 0 0 0 0 2 328283.65706588374 299061.62959163863 328283.65706588374 299061.62959163863 
109 102 0 0 0 0 0 2 327660.0639693164 299049.50165452686 327660.0639693164 299049.50165452686 
110 96 0 0 0 0 0 2 327662.9832111577 299049.9978591087 327662.9832111577 299049.9978591087 
111 100 0 0 0 0 0 2 327671.92801522487 299051.7874736584 327671.92801522487 299051.7874736584 
112 983 0 0 0 0 0 2 328283.1710225428 299065.0374227304 328283.1710225428 299065.0374227304 
113 88 0 0 0 0 0 2 328269.03951788624 299069.8323612291 328269.03951788624 299069.8323612291 
114 100 0 0 0 0 0 2 327672.0294768632 299058.5176839464 327672.0294768632 299058.5176839464 
115 88 0 0 0 0 0 2 328268.374053327 299073.4527403841 328268.374053327 299073.4527403841 
116 95 0 0 0 0 0 2 327669.7526125302 299062.3447416848 327669.7526125302 299062.3447416848 
117 97 0 0 0 0 0 2 327653.0254055087 299063.0081908649 327653.0254055087 299063.0081908649 
118 97 0 0 0 0 0 2 327653.5621106248 299063.19214687234 327653.5621106248 299063.19214687234 
119 88 0 0 0 0 0 2 328271.0834549197 299076.91099955334 328271.0834549197 299076.91099955334 
120 95 0 0 0 0 0 2 327669.15005611733 299064.9796223114 327669.15005611733 299064.9796223114 
121 95 0 0 0 0 0 2 327669.3210490848 299065.0361112482 327669.3210490848 299065.0361112482 
122 88 0 0 0 0 0 2 328273.98090915056 299077.69398750976 328273.98090915056 299077.69398750976 
123 88 0 0 0 0 0 2 328283.21442025714 299079.26225449546 328283.21442025714 299079.26225449546 
124 97 0 0 0 0 0 2 327652.9973248956 299066.9316361531 327652.9973248956 299066.9316361531 
125 719 0 0 0 0 0 2 327651.84579920355 299069.7425897273 327651.84579920355 299069.7425897273 
126 1128 0 0 0 0 0 2 327663.16180383123 299077.22035149013 327663.16180383123 299077.22035149013 
127 100 0 0 0 0 0 2 327666.07763868896 299077.38923656236 327666.07763868896 299077.38923656236 
128 96 0 0 0 0 0 2 327675.2746463646 299078.38432440226 327675.2746463646 299078.38432440226 
129 693 0 0 0 0 0 2 329086.51872124913 299193.845802448 329086.51872124913 299193.845802448 
130 697 0 0 0 0 0 2 329103.78880648135 299199.02081430855 329103.78880648135 299199.02081430855 
131 891 0 0 0 0 0 2 329097.2335960188 299207.9106015272 329097.2335960188 299207.9106015272 
132 891 0 0 0 0 0 2 329097.35600995866 299210.6241684566 329097.35600995866 299210.6241684566 
133 623 0 0 0 0 0 2 329062.1323107721 299217.69284880743 329062.1323107721 299217.69284880743 
134 82 0 0 0 0 0 2 329078.8901292868 299218.1468859106 329078.8901292868 299218.1468859106 
135 86 0 0 0 0 0 2 329083.4001820332 299227.398927796 329083.4001820332 299227.398927796 
136 86 0 0 0 0 0 2 329085.98350016586 299227.87935598753 329085.98350016586 299227.87935598753 
137 1060 0 0 0 0 0 2 319424.3109088916 299398.54638005845 319424.3109088916 299398.54638005845 
138 404 0 0 0 0 0 2 319454.2281500228 299406.3179783607 319454.2281500228 299406.3179783607 
139 1156 0 0 0 0 0 2 319427.9550160432 299409.6889610078 319427.9550160432 299409.6889610078 
140 1156 0 0 0 0 0 2 319431.0061454164 299411.182541585 319431.0061454164 299411.182541585 
141 1156 0 0 0 0 0 2 319430.85312956537 299411.5747444427 319430.85312956537 299411.5747444427 
142 353 0 0 0 0 0 2 319378.92566841026 299479.62996478204 319378.92566841026 299479.62996478204 
143 353 0 0 0 0 0 2 319375.6269912382 299480.0898215887 319375.6269912382 299480.0898215887 
144 319 0 0 0 0 0 2 319375.3140094357 299484.49373083474 319375.3140094357 299484.49373083474 
145 319 0 0 0 0 0 2 319377.429486593 299487.32543309464 319377.429486593 299487.32543309464 
146 319 0 0 0 0 0 2 319355.50485288654 299490.8791750051 319355.50485288654 299490.8791750051 
147 319 0 0 0 0 0 2 319353.7722009617 299493.52819105645 319353.7722009617 299493.52819105645 
148 406 0 0 0 0 0 2 319380.7457041527 299495.4732175837 319380.7457041527 299495.4732175837 
149 406 0 0 0 0 0 2 319383.08817074494 299497.6189935545 319383.08817074494 299497.6189935545 
150 310 0 0 0 0 0 2 319354.3185594161 299500.67542205635 319354.3185594161 299500.67542205635 
151 310 0 0 0 0 0 2 319356.17831972276 299503.5830260952 319356.17831972276 299503.5830260952 
152 406 0 0 0 0 0 2 319364.6033176176 299507.5106869831 319364.6033176176 299507.5106869831 
153 409 0 0 0 0 0 2 319367.21109338175 299509.99805931945 319367.21109338175 299509.99805931945 
154 318 0 0 0 0 0 2 319389.84712940507 299521.0383174609 319389.84712940507 299521.0383174609 
155 318 0 0 0 0 0 2 319392.4873193302 299522.31545937544 319392.4873193302 299522.31545937544 
156 304 0 0 0 0 0 2 319001.7208474713 299709.6907164051 319001.7208474713 299709.6907164051 
157 1054 0 0 0 0 0 2 319003.7733622737 299712.0217823971 319003.7733622737 299712.0217823971 
158 304 0 0 0 0 0 2 318990.0770394404 299714.51956223487 318990.0770394404 299714.51956223487 
159 304 0 0 0 0 0 2 318988.519552659 299716.1743780337 318988.519552659 299716.1743780337 
160 375 0 0 0 0 0 2 319008.4523797853 299717.15182390355 319008.4523797853 299717.15182390355 
161 375 0 0 0 0 0 2 319010.3245026047 299718.85079364537 319010.3245026047 299718.85079364537 
162 1055 0 0 0 0 0 2 319013.3484301688 299722.38731665077 319013.3484301688 299722.38731665077 
163 304 0 0 0 0 0 2 318986.03675653954 299725.4520998911 318986.03675653954 299725.4520998911 
164 304 0 0 0 0 0 2 318987.9819339039 299727.7960119103 318987.9819339039 299727.7960119103 
165 375 0 0 0 0 0 2 318995.8882444705 299729.95193019183 318995.8882444705 299729.95193019183 
166 375 0 0 0 0 0 2 318997.5457247144 299731.72462768696 318997.5457247144 299731.72462768696 
167 372 0 0 0 0 0 2 319002.66174066236 299737.4659224341 319002.66174066236 299737.4659224341 
168 372 0 0 0 0 0 2 319003.50772381306 299737.8942849675 319003.50772381306 299737.8942849675 
169 298 0 0 0 0 0 2 318814.8027796656 299810.80511382484 318814.8027796656 299810.80511382484 
170 298 0 0 0 0 0 2 318817.9335726624 299816.73353023577 318817.9335726624 299816.73353023577 
171 924 0 0 0 0 0 2 318819.0841323077 299822.6019918403 318819.0841323077 299822.6019918403 
172 392 0 0 0 0 0 2 318797.2822382869 299823.49622854084 318797.2822382869 299823.49622854084 
173 924 0 0 0 0 0 2 318819.9838173065 299825.47821878263 318819.9838173065 299825.47821878263 
174 377 0 0 0 0 0 2 318832.85961881035 299830.56743423955 318832.85961881035 299830.56743423955 
175 924 0 0 0 0 0 2 318799.3790346845 299832.61212480866 318799.3790346845 299832.61212480866 
176 377 0 0 0 0 0 2 318834.74809503334 299837.16129711404 318834.74809503334 299837.16129711404 
177 377 0 0 0 0 0 2 318813.30170310906 299837.299146985 318813.30170310906 299837.299146985 
178 377 0 0 0 0 0 2 318814.27915389463 299840.289024022 318814.27915389463 299840.289024022 
179 377 0 0 0 0 0 2 318821.47203010164 299841.0015147321 318821.47203010164 299841.0015147321 
180 377 0 0 0 0 0 2 318819.1511143115 299841.9554312573 318819.1511143115 299841.9554312573 
181 285 0 0 0 0 0 2 317982.5628995135 300897.03821794625 317982.5628995135 300897.03821794625 
182 419 0 0 0 0 0 2 317985.6443037961 300897.87294304196 317985.6443037961 300897.87294304196 
183 285 0 0 0 0 0 2 317975.611381652 300897.7565972694 317975.611381652 300897.7565972694 
184 419 0 0 0 0 0 2 317985.47902286984 300898.37697613763 317985.47902286984 300898.37697613763 
185 285 0 0 0 0 0 2 317973.9441139611 300899.89253268705 317973.9441139611 300899.89253268705 
186 420 0 0 0 0 0 2 317992.0708305908 300920.00253180525 317992.0708305908 300920.00253180525 
187 420 0 0 0 0 0 2 317991.52741854376 300921.9379787852 317991.52741854376 300921.9379787852 
188 284 0 0 0 0 0 2 317967.444714912 300922.4468427769 317967.444714912 300922.4468427769 
189 414 0 0 0 0 0 2 317985.5715950118 300923.9473656734 317985.5715950118 300923.9473656734 
190 427 0 0 0 0 0 2 317990.4982653587 300926.769731431 317990.4982653587 300926.769731431 
191 240 0 0 0 0 0 2 317939.7407463721 301935.27989042713 317939.7407463721 301935.27989042713 
192 847 0 0 0 0 0 2 317946.20979607786 301937.4439026219 317946.20979607786 301937.4439026219 
193 240 0 0 0 0 0 2 317930.0735788017 301948.38044599665 317930.0735788017 301948.38044599665 
194 245 0 0 0 0 0 2 317965.26432942424 301950.9959441819 317965.26432942424 301950.9959441819 
195 245 0 0 0 0 0 2 317965.39579288976 301951.77115667093 317965.39579288976 301951.77115667093 
196 240 0 0 0 0 0 2 317929.0025961331 301951.1678690515 317929.0025961331 301951.1678690515 
197 245 0 0 0 0 0 2 317961.90176059667 301955.51541369164 317961.90176059667 301955.51541369164 
198 245 0 0 0 0 0 2 317960.0899416159 301958.51605295483 317960.0899416159 301958.51605295483 
199 246 0 0 0 0 0 2 317948.42739677837 301975.3821004108 317948.42739677837 301975.3821004108 
200 246 0 0 0 0 0 2 317948.5323225549 301975.9846526672 317948.5323225549 301975.9846526672 
201 246 0 0 0 0 0 2 317951.62063489365 301976.4272478879 317951.62063489365 301976.4272478879 
202 246 0 0 0 0 0 2 317957.4821104307 301978.2507632306 317957.4821104307 301978.2507632306 
203 849 0 0 0 0 0 2 317642.87457243074 302521.98395334353 317642.87457243074 302521.98395334353 
204 230 0 0 0 0 0 2 317447.8788650024 302787.84446190344 317447.8788650024 302787.84446190344 
