1 1 215 316820.0777540427 303012.8236102004 
2 1 216 316820.6909275541 303016.3074840002 
3 1 1181 316827.0215456022 303020.0228418995 
4 2 1180 1182 316827.65720126254 303023.5331883251 
5 1 219 316832.67289142543 303010.3408600777 
6 1 220 316836.2954678543 303013.2179953304 
7 1 862 316841.1975023405 303017.10966657323 
8 1 863 316844.76693012856 303019.9426983319 
9 1 222 316981.30148338847 302980.51312387676 
10 1 223 316984.8526365884 302983.4088333059 
11 1 217 316989.3883547259 302987.1049772344 
12 1 218 316992.9090030136 302989.97505314957 
13 0 317137.481222106 302990.3692514943 
14 1 859 317276.40726569924 302917.5917769349 
15 1 860 317277.6881418334 302920.81693769706 
16 1 861 317279.12796331086 302924.3975607167 
17 1 221 317290.68205017137 302898.47889306344 
18 1 224 317292.1517365114 302901.86898099334 
19 1 225 317293.5611891781 302905.11975360464 
20 1 1045 317415.174165079 302834.4064851028 
21 2 1043 1044 317417.31307112257 302837.1155798915 
22 1 235 317421.6798627309 302752.644654374 
23 1 1046 317423.13439464464 302755.44701320963 
24 1 226 317433.4766091063 302807.670310295 
25 1 227 317435.85095124715 302810.2670722821 
26 1 36 317440.60334998346 302755.0830670909 
27 1 870 317443.0376060402 302798.54254812875 
28 0 317459.7361799726 302725.77877531946 
29 1 35 317465.63106853946 302729.02000471606 
30 1 231 317502.6429459121 302730.5005312684 
31 1 232 317506.83433046716 302730.68119381246 
32 1 228 317512.4664833978 302730.9249594288 
33 0 317520.4517541011 302760.05505453266 
34 1 37 317523.0402409979 302692.09515481076 
35 1 233 317526.5086273404 302694.1836138156 
36 1 234 317529.45964476356 302696.0734951607 
37 2 1057 1058 317534.8485334269 302739.11227776227 
38 0 317540.9495679438 302754.30330149736 
39 1 909 317567.3042551804 302653.5670193735 
40 1 236 317570.0605614112 302621.56948132813 
41 1 855 317570.0802696664 302655.5004025361 
42 1 237 317573.0100528367 302623.38627845026 
43 1 853 317574.05520308256 302658.22453672555 
44 1 238 317591.527152369 302585.7655289906 
45 1 856 317591.01362158154 302616.3672927229 
46 2 852 854 317593.8772476646 302618.17435120617 
47 1 239 317594.51808128005 302587.5621468977 
48 1 851 317604.9423104273 302593.18043788534 
49 1 850 317607.7707219493 302594.8977210868 
50 1 902 317730.09257713635 302353.2938480397 
51 1 903 317731.8583071147 302357.1392382521 
52 1 849 317737.6540969741 302370.9941417595 
53 1 848 317739.13724179793 302374.80881129205 
54 1 1047 317796.3886085721 302241.9652236585 
55 1 1048 317799.3388147337 302243.8460782175 
56 1 904 317810.2089297811 302249.43732991844 
57 1 905 317812.9362316377 302251.0575009513 
58 1 842 317881.000956627 301489.68380929093 
59 2 263 267 317884.41649069515 301488.7880262277 
60 1 845 317899.9860398691 301557.2675319756 
61 1 1050 317904.26538298884 301483.9016899912 
62 1 843 317903.42979409604 301556.31227578584 
63 1 278 317904.14387486526 301600.5737242563 
64 0 317907.3914106543 301482.9710443456 
65 1 264 317907.3829472513 301555.15714570263 
66 1 873 317897.6844078888 302054.4921750092 
67 1 280 317907.54358631873 301599.6686169922 
68 2 871 875 317900.90706893965 302056.01326138165 
69 1 846 317924.1354072954 301639.80122136243 
70 1 874 317919.3029332407 302002.923763739 
71 1 844 317927.57939316967 301638.7849267839 
72 1 876 317922.500057696 302004.2722095213 
73 1 272 317929.20920151524 301700.6485931914 
74 1 262 317931.37972063426 301637.61570637155 
75 1 241 317924.3067178363 301990.76585820963 
76 2 872 881 317925.46300473285 302005.52186165884 
77 1 276 317933.22310395853 301699.55773696007 
78 1 240 317927.46401140664 301992.10449356213 
79 1 279 317949.5615314175 300983.76773126767 
80 1 880 317928.9330163197 302006.9848932077 
81 1 242 317930.3287951308 301993.30913352926 
82 1 277 317936.62538206205 301698.6246625578 
83 1 878 317932.05076143524 302008.29971408297 
84 2 39 281 317952.85383110883 300985.01200576825 
85 1 879 317933.9109949194 301994.3701359628 
86 1 877 317937.10538109916 301995.70551702695 
87 1 255 317942.9365479504 301935.75167366763 
88 1 275 317947.73438371875 301780.6560757486 
89 1 268 317946.0595731831 301923.6628911648 
90 1 260 317950.0795102986 301730.0487049015 
91 1 256 317946.3553129273 301936.8283910412 
92 0 317968.4678822589 300910.8680828927 
93 0 317969.280120529 300908.7028891697 
94 1 273 317951.9772408609 301779.67491688597 
95 1 269 317949.53415858536 301924.5025622381 
96 1 261 317953.47669755714 301729.16956730216 
97 2 283 284 317969.89866913605 300928.48969127773 
98 2 38 270 317953.04956577264 301885.1329296776 
99 1 274 317955.57458856405 301779.04299508786 
100 1 282 317973.2150954255 300929.62937569094 
101 1 257 317953.2214797619 301925.41257397993 
102 2 286 421 317974.92336631776 300902.5441949525 
103 1 243 317954.2686162812 301935.80821932375 
104 1 285 317975.9054954065 300899.59685954824 
105 1 271 317956.52044833516 301885.7593710459 
106 1 422 317976.3393080278 300930.72315186745 
107 1 250 317956.54101604223 301926.24911636836 
108 1 244 317957.67528109404 301936.64151642047 
109 1 246 317967.97652479424 301972.7553979469 
110 1 252 317959.9411743864 301927.1073001537 
111 1 847 317968.8618233197 301969.5489266736 
112 1 265 317980.80433115084 300929.2951319692 
113 1 245 317961.12657672784 301937.4947279203 
114 0 317969.6055409619 301966.31658171763 
115 1 288 317983.6325871937 300891.73494095117 
116 1 254 317963.3512955809 301927.96768645284 
117 0 317971.0387752246 301960.6533794569 
118 1 266 317984.1437763574 300930.484316362 
119 1 258 317966.07436469675 301831.50471433403 
120 2 248 249 317966.35115276714 301856.7185611937 
121 1 287 317986.9724389931 300893.0031902633 
122 2 247 259 317969.5392585719 301831.3864946748 
123 1 251 317969.9301817903 301856.94489296497 
124 1 413 317990.54017892946 300894.18597186764 
125 1 253 317972.4688086864 301857.1041974348 
126 1 414 317993.61429806746 300895.3818116882 
127 2 412 424 317996.8561073907 300896.59904763853 
128 1 1049 318000.4934677401 300930.14467884204 
129 1 428 318005.67190637847 300922.719696386 
130 1 426 318006.1292787556 300904.5627623232 
131 2 419 420 318006.5240289005 300919.91684441455 
132 1 423 318007.51337384316 300917.00868251035 
133 1 425 318008.6077412179 300913.7063522415 
134 2 390 391 318010.6013868624 300849.95535542176 
135 2 417 1059 318009.5726740743 300905.6589747214 
136 1 388 318013.98901238845 300851.2365767406 
137 1 416 318015.74998044537 300925.95521348255 
138 1 415 318016.9557656114 300923.3306203544 
139 0 318018.03164523485 300920.49825777544 
140 0 318019.03600427613 300917.1931107685 
141 1 418 318081.2096406891 300706.195587116 
142 1 290 318309.4596513292 300060.6543276583 
143 1 289 318313.5121761 300061.0222773556 
144 1 389 318319.0472580103 300061.51520017924 
145 1 387 318323.0176271689 300061.93753345014 
146 1 292 318339.9446530906 300020.37454453134 
147 1 291 318343.99807251163 300020.89662344655 
148 1 385 318349.71468028316 300021.46926199156 
149 1 386 318353.90266728844 300021.96803634777 
150 2 40 295 318564.44315554935 299874.78466372524 
151 1 293 318565.44870716 299878.16738956433 
152 1 383 318687.6181274692 299861.1203303748 
153 1 384 318688.10466937156 299864.633692347 
154 1 1051 318763.26169148483 299835.29413476185 
155 1 296 318764.4861634144 299839.92918711563 
156 1 294 318765.40000124567 299843.3440907201 
157 1 381 318773.80125523824 299847.5544820137 
158 1 382 318774.50926889555 299850.9532256453 
159 1 411 318775.5830563239 299855.9144786884 
160 0 318793.86868964066 299795.8633152089 
161 1 922 318796.3127101734 299831.1282431897 
162 1 924 318797.26956736506 299834.39490638336 
163 2 882 883 318799.7277925535 299793.737856792 
164 1 393 318799.80722783966 299809.74510970525 
165 1 379 318799.46284179157 299841.10899895953 
166 1 380 318800.5376040449 299844.33500902326 
167 1 298 318806.41547608963 299809.9714624502 
168 1 410 318807.9020372264 299851.52567339136 
169 1 392 318838.07769211737 299824.79840359924 
170 1 377 318839.29247644043 299827.9291669119 
171 1 378 318840.567142007 299831.16721527337 
172 1 299 318850.595880639 299806.73455297353 
173 1 302 318852.03050074074 299811.02258977183 
174 1 300 318853.55802287173 299814.17767408164 
175 2 297 841 318906.142366939 299795.3708032034 
176 1 839 318907.8835804778 299798.40010342834 
177 0 318932.3089325788 299794.35344208614 
178 1 840 318937.819387766 299775.08046282164 
179 1 838 318939.66190188384 299777.94968836237 
180 1 370 318942.5334627029 299782.63998077874 
181 1 303 318943.8242962818 299760.2186619142 
182 2 41 301 318946.03552600695 299763.1153387126 
183 1 305 318979.497755109 299730.3758982089 
184 1 304 318981.8842912399 299732.86681266973 
185 1 1055 318984.1809883986 299735.29687218054 
186 1 374 318986.4973535726 299738.19066608296 
187 1 373 318988.7643417328 299740.85329641664 
188 1 371 318991.3710632772 299744.6826242082 
189 1 395 319002.6569459572 299707.8342298182 
190 1 394 319005.15621638676 299710.3424289666 
191 1 375 319008.1628283468 299716.4244580451 
192 1 1053 319014.4940472053 299742.24487940496 
193 1 376 319010.6811940329 299718.8790030992 
194 0 319020.39938238385 299736.73588287755 
195 0 319023.67421043606 299732.943120669 
196 1 927 319071.56053757854 299649.66452252894 
197 2 926 929 319073.9856039759 299652.18023172184 
198 2 396 399 319088.1675050189 299622.7786154711 
199 1 397 319090.4847857452 299625.478286381 
200 1 306 319155.7824191768 299568.4166656577 
201 1 400 319158.3887654381 299572.9595071072 
202 1 368 319159.61965731427 299581.6926849803 
203 1 398 319160.1276436829 299576.1048464723 
204 1 369 319161.4571690421 299584.7109195452 
205 1 307 319183.9870608897 299536.11152305803 
206 1 312 319214.10188922833 299541.0310332361 
207 1 316 319215.8010258528 299545.3033946164 
208 1 314 319217.2299273364 299548.78373187524 
209 1 313 319258.835389819 299524.7136614857 
210 1 317 319259.8780122075 299528.9877938181 
211 2 308 315 319260.87994911545 299533.0959851087 
212 1 311 319300.2515460022 299521.2938440053 
213 1 310 319300.98598324694 299525.11943861714 
214 1 309 319301.63244748383 299528.49393093016 
215 1 366 319307.9098386925 299530.88518824626 
216 1 367 319308.5654335157 299534.4520051219 
217 1 365 319309.2563775204 299538.1516314085 
218 1 364 319335.6240340815 299536.54385859286 
219 1 320 319354.6584207973 299498.11440093006 
220 1 319 319356.9907913599 299501.40580995614 
221 1 318 319358.97099069506 299504.19675608154 
222 1 362 319360.9164173823 299507.47135472926 
223 1 363 319363.15225409326 299510.53765404195 
224 1 408 319365.22368626285 299513.6676866531 
225 1 355 319375.96243105235 299480.6259734312 
226 1 409 319376.3781435399 299516.7287230074 
227 1 353 319378.75418622745 299483.7164939385 
228 1 406 319383.9441740597 299489.2641417188 
229 1 356 319386.07790438854 299470.2512544952 
230 1 407 319386.6324418922 299492.07737427054 
231 1 354 319389.1095745188 299473.0073657765 
232 1 361 319392.19137351174 299475.8085202954 
233 0 319393.1438721638 299516.85370116134 
234 1 358 319395.1099633077 299478.46528021106 
235 1 360 319397.9184939018 299481.0217488737 
236 2 42 322 319399.0728293379 299454.69878205407 
237 1 323 319400.4023459093 299396.46703428566 
238 1 321 319402.21383267245 299456.99576125375 
239 2 1060 1154 319407.9971895388 299401.26559806854 
240 0 319408.7453616505 299501.6159918218 
241 1 1037 319411.7280755712 299407.80756586633 
242 1 401 319415.5054752792 299422.7115807991 
243 1 1155 319418.34118671535 299424.36693835934 
244 1 935 319421.38006917306 299409.64642541314 
245 1 1156 319421.38158473826 299426.14451031026 
246 2 352 357 319422.41376696166 299439.7192303731 
247 1 359 319425.66182389436 299441.67011416866 
248 1 931 319429.8021621831 299426.86773878324 
249 1 884 319431.05120383215 299395.40191885206 
250 1 933 319433.1604281903 299428.8618751043 
251 1 341 319434.31267735513 299397.28302145685 
252 1 339 319437.27286829683 299399.0679821493 
253 1 351 319437.4464203817 299431.2009600393 
254 1 404 319445.7842385683 299399.0605054039 
255 1 405 319449.0827965941 299400.9883897292 
256 1 403 319451.7641929825 299402.55457218376 
257 1 338 319455.8040176772 299355.1233235796 
258 1 336 319455.94161691895 299374.99661998154 
259 1 342 319458.2606726162 299356.6189247897 
260 1 335 319458.98646097595 299376.75226510904 
261 1 340 319461.30454011925 299358.4726216616 
262 2 337 350 319462.0886581351 299378.54209108924 
263 2 346 349 319464.56589677127 299360.45879839885 
264 1 325 319466.16327094333 299343.1803619809 
265 1 344 319467.52970639896 299362.2628457004 
266 1 324 319469.1940906694 299344.93672463973 
267 1 348 319470.5300640558 299364.0906469537 
268 2 326 328 319500.9995970776 299288.1071474844 
269 1 327 319504.2026522177 299290.3543394043 
270 2 343 345 319510.60432032414 299288.8662605203 
271 1 347 319513.82331336587 299290.9186313061 
272 1 333 319538.2484034883 299242.5254724305 
273 1 334 319541.3184713801 299244.3206535622 
274 1 908 319543.32067932957 299210.78848455905 
275 1 329 319547.00970869866 299212.9554104422 
276 1 429 319550.0448177549 299214.7969206131 
277 1 331 319588.9680869314 299156.59873966576 
278 1 332 319591.9187947521 299158.40752461867 
279 1 330 319595.28922605043 299160.54300675116 
280 1 916 319626.8101467236 299073.5095420827 
281 1 918 319630.1160957748 299075.41855814913 
282 1 917 319633.12128988164 299077.3044967505 
283 1 479 319691.6573266546 298953.7776826672 
284 1 481 319694.91744387813 298954.8331492665 
285 1 431 319695.69171249104 298918.72032330005 
286 2 432 434 319697.5900149012 298913.166511008 
287 1 430 319698.978104261 298919.86238222267 
288 1 907 319699.1279014425 298956.2039968937 
289 1 436 319700.8142049902 298914.316322123 
290 0 319702.46781159856 298869.6329420502 
291 1 435 319706.7975752431 298877.9903053568 
292 1 433 319710.2474182743 298879.5129358897 
293 1 478 319710.48049135983 298898.17729254696 
294 1 437 319713.4582202282 298880.9296721566 
295 2 480 482 319713.62198570854 298899.25938757445 
296 2 476 477 319716.7592858954 298886.2570895949 
297 1 438 319726.0164191409 298859.4409979893 
298 2 439 440 319814.19475676434 298807.09549514804 
299 1 441 319839.00315764785 298792.84094853164 
300 1 443 319840.53989558737 298796.5326179727 
301 0 319843.52688429935 298785.82296176755 
302 1 442 319851.5903604877 298780.4845311795 
303 1 43 319862.5286448098 298783.39907343127 
304 1 444 319864.0938726438 298786.96822751284 
305 1 445 319909.38849120785 298767.74082938314 
306 2 446 448 319912.4285373735 298766.26100196026 
307 1 449 319923.2326792663 298756.6716781746 
308 1 447 319925.25480950193 298759.5675461812 
309 0 319931.88699021103 298744.6632617064 
310 1 458 319933.6806548314 298754.670737997 
311 1 1061 319935.3138322728 298757.35161117563 
312 2 451 456 319939.05279802484 298740.0202492151 
313 1 457 319947.94607138657 298744.3996573888 
314 2 454 455 319950.0927723545 298746.87472726783 
315 1 450 319958.1599966157 298730.08497466147 
316 1 452 319960.7688508615 298733.16480010026 
317 1 453 319977.33221286646 298715.4365534655 
318 2 459 937 320043.304230392 298639.621274939 
319 1 34 320047.7226389964 298641.1514254563 
320 0 320053.33217666793 298609.66536297835 
321 1 460 320057.19781296817 298609.4270780164 
322 2 461 462 320058.90824902046 298618.99656041904 
323 1 1062 320074.8470887784 298624.89504366805 
324 2 463 464 320077.5976226562 298628.88939496793 
325 1 1063 320617.1851392902 298496.9186056993 
326 1 475 320651.99989708397 298493.58662555367 
327 0 320728.556494249 298484.9888089852 
328 1 474 320754.90168458206 298468.91879304464 
329 1 473 320755.75790272944 298472.76087435597 
330 2 471 472 320780.31675594894 298467.8590896801 
331 0 320791.1934930531 298472.5877237074 
332 1 1175 320811.73951633816 298473.0400301041 
333 1 1174 320812.1238818144 298469.0158096184 
334 2 465 470 320820.1912352211 298466.56354834704 
335 2 467 468 320824.37430034735 298479.3692665509 
336 0 320829.55981561035 298480.07927061437 
337 1 466 320836.22688005003 298475.8034519418 
338 1 469 320836.7285656283 298472.26395202614 
339 1 483 320836.9027794135 298468.98404530104 
340 2 484 485 320908.6575523631 298475.09430464485 
341 1 1064 320918.7079757966 298480.7019405548 
342 1 1065 320918.80773856584 298484.4397062832 
343 1 487 320933.4121381022 298473.1916714448 
344 1 941 320933.64699911815 298476.4828301592 
345 1 486 320939.71974923863 298483.21915439464 
346 1 488 320949.09495977795 298473.32775812806 
347 1 939 320949.4484950249 298477.63205526187 
348 2 1069 1070 320953.6003956551 298495.30874497624 
349 1 835 320956.31681496836 298497.32296250056 
350 1 834 320956.719489682 298491.4477433836 
351 0 320960.2829650125 298494.73096372647 
352 2 1067 1068 320966.55138906074 298473.99497212924 
353 1 490 320979.98879135476 298466.7243542815 
354 1 833 320980.26346354675 298470.2745068255 
355 1 492 321060.00981101126 298425.3321176625 
356 1 489 321060.5524753813 298429.23993491766 
357 1 491 321067.8000915598 298423.6678507734 
358 2 1 493 321082.9283648876 298403.7599687203 
359 1 496 321083.30362249375 298410.31236498256 
360 1 495 321085.50592023524 298413.25691048417 
361 1 497 321095.6898881571 298388.6169149255 
362 1 831 321098.1287822089 298390.8456990925 
363 1 494 321102.3167470223 298411.6974687251 
364 1 498 321104.68328160624 298394.3863735515 
365 1 33 321107.6918131985 298405.04185461893 
366 1 1074 321109.2407107508 298372.6441498911 
367 1 832 321109.8489056906 298392.95639608224 
368 1 1072 321111.16799830773 298380.49277407513 
369 0 321111.1398862612 298404.3207950066 
370 1 829 321118.14895043464 298369.7324847627 
371 1 1071 321121.83607041487 298371.54911407415 
372 2 828 830 321134.7959775579 298336.1440955568 
373 2 2 499 321541.32487647206 297857.03926945536 
374 1 1075 321567.8811780499 297839.5343105799 
375 1 500 321568.42810432095 297830.9209542294 
376 1 503 321570.42616448243 297833.37402185093 
377 1 504 321570.80782393744 297822.5837248757 
378 1 502 321583.7067251713 297818.6446651786 
379 1 501 321585.72203329206 297821.0860716886 
380 1 943 321587.7440614025 297823.54162409436 
381 1 1173 321628.6691150212 297797.2946510577 
382 1 1076 321667.57310076413 297758.36856416747 
383 0 321668.025427182 297771.5234177518 
384 1 827 321670.93635289907 297760.7630910183 
385 2 825 826 321696.1889541288 297734.8065874887 
386 2 510 821 321749.450209626 297684.38218617765 
387 0 321752.9819291878 297652.6568276792 
388 1 507 321755.2500041246 297650.8501790461 
389 1 824 321755.5418610105 297686.80769914534 
390 1 822 321756.677484447 297657.62995845056 
391 2 508 1077 321759.0738724821 297655.76284988114 
392 1 506 321764.3580874646 297662.59836401284 
393 1 509 321776.1123903999 297657.65448915964 
394 1 511 321778.3634508091 297660.4148817849 
395 1 820 321780.4157508451 297663.00714588567 
396 1 823 321782.31665327 297665.514297082 
397 1 512 321807.706340903 297638.8139801015 
398 1 947 321841.8265525007 297617.81975974876 
399 1 32 321844.17597043084 297621.0624916807 
400 1 816 321845.84640561487 297623.6340482706 
401 1 819 321854.420356486 297626.33476964285 
402 0 321860.76344849495 297622.7909218176 
403 3 815 817 818 321865.2561417137 297612.050462775 
404 1 1079 321953.6976126877 297533.5728677374 
405 2 3 513 321996.13300909195 297469.1909279348 
406 2 210 211 322037.08203247504 297445.28105832415 
407 1 209 322087.1806042576 297415.07881457935 
408 1 206 322088.57270878763 297417.9049547 
409 1 813 322090.14377762045 297421.08696404414 
410 2 207 208 322102.61654826667 297428.80594267853 
411 1 31 322106.4787796187 297424.5185593816 
412 1 1080 322111.4247574302 297404.59639845154 
413 2 205 814 322114.1908631293 297409.8560229924 
414 2 514 515 322244.70920502825 297307.122803548 
415 2 200 201 322260.03854239604 297272.67198453716 
416 1 4 322264.6512580368 297248.4308844309 
417 1 202 322264.3096011942 297274.66349653987 
418 0 322268.12911715044 297188.1971768539 
419 1 5 322267.84377667686 297249.3668866569 
420 1 1081 322268.27097722434 297279.8051116447 
421 1 809 322272.3092369179 297180.8489146755 
422 1 516 322272.77600798046 297214.53735236544 
423 2 203 812 322274.23570009414 297255.0178382824 
424 1 199 322276.0126258788 297215.3211292857 
425 1 518 322281.25889285846 297179.2600032974 
426 0 322281.55017438106 297262.4627063864 
427 0 322281.7008095144 297263.5785699402 
428 1 811 322283.1990014642 297218.0499108333 
429 1 204 322282.5438897994 297266.5347491442 
430 1 517 322284.44805153133 297180.0648394276 
431 1 198 322288.77663733583 297180.49334692495 
432 1 810 322291.9869162993 297181.3426415585 
433 1 950 322304.1160519868 297084.774176025 
434 1 948 322307.29393761564 297085.6418305005 
435 1 1042 322321.90351697913 296943.7125959488 
436 2 520 1083 322326.8892151774 296941.28020747384 
437 1 521 322333.1213510282 296944.1348543917 
438 1 527 322333.83674921916 296949.1559963249 
439 2 196 522 322337.3438286757 296962.28939797287 
440 1 524 322339.84420532285 296969.4130555494 
441 1 29 322343.1281971573 296970.4779923191 
442 1 1041 322347.26038327103 296936.6120435047 
443 2 525 951 322349.62219457177 296939.63786355604 
444 1 523 322355.38665158284 296953.233076478 
445 1 526 322355.54480426904 296957.20321370335 
446 2 195 1085 322362.68678190076 296959.6028487886 
447 1 197 322365.6944091697 296956.90241937584 
448 2 194 528 322411.1603747222 296972.6829133238 
449 0 322417.31761320215 296970.5153181703 
450 1 529 322422.06894289306 296972.1142070664 
451 1 6 322427.00986125186 296978.15922177245 
452 1 193 322516.1044361951 297012.65040563303 
453 2 530 532 322517.3616051376 297009.4613539404 
454 2 807 808 322517.8331469428 297019.28216058697 
455 0 322521.34029381775 297021.39037008607 
456 0 322531.6809706373 297011.0149283164 
457 2 192 806 322532.9264328996 297018.4355373381 
458 1 531 322533.88527489593 297015.15240655624 
459 2 533 535 322561.684357877 297024.6654130118 
460 0 322567.089261287 297022.3875822043 
461 1 534 322569.05820979725 297023.3069249266 
462 1 536 322571.6409759194 297028.13053772436 
463 1 953 322576.92816348147 297033.48001437256 
464 1 805 322579.95954494725 297038.28965304216 
465 0 322583.9434274934 297039.68393424986 
466 2 191 537 322642.7058182291 297052.66018761764 
467 0 322652.03660276707 297050.53354425874 
468 1 538 322663.0620107875 297055.14104993985 
469 1 1150 322664.26489876676 297063.8297506514 
470 1 788 322645.9062576111 298110.1243252892 
471 1 539 322667.6778412183 297060.93033449847 
472 1 790 322647.48077593057 298087.9695427085 
473 2 168 169 322649.1842832883 298110.3435300965 
474 0 322654.13400516915 297896.70409835 
475 1 793 322654.4979416968 297894.1395196602 
476 1 789 322650.70413396216 298088.12059504795 
477 1 556 322652.9030591907 298110.44252503157 
478 1 794 322657.68602602696 297894.5510526352 
479 1 165 322654.5207334311 298088.0334217421 
480 1 554 322656.12048772397 298110.8876773386 
481 1 166 322657.76042367984 298088.26786524855 
482 1 540 322679.907133749 297069.4109750445 
483 1 49 322659.58960243803 298111.208807917 
484 1 551 322662.21598805854 297995.2863587387 
485 1 542 322681.1731037318 297065.7357363646 
486 1 170 322661.1674731026 298088.49067182 
487 2 792 955 322665.23942527786 297905.780587609 
488 1 1095 322667.32409436634 297887.5079717833 
489 2 48 552 322665.4451991635 297995.7427551459 
490 1 791 322668.49389512936 297906.17544573185 
491 1 1096 322670.55438676284 297887.96038545034 
492 2 167 171 322667.5259532047 298101.21025025356 
493 1 557 322667.3864805171 298216.7795436543 
494 1 1031 322670.979233666 298097.75024456636 
495 1 555 322670.35443913104 298215.4023136217 
496 0 322684.1688782935 297703.63232244126 
497 1 160 322685.0834775962 297699.9630131025 
498 1 161 322686.03806675505 297696.69280668173 
499 1 553 322676.8242752622 298233.5181605847 
500 1 162 322689.8234202961 297701.0843342111 
501 1 796 322690.6326939863 297697.72513405565 
502 2 164 1091 322694.14588909876 297715.91445985873 
503 1 795 322697.3099139957 297716.52665517974 
504 2 158 558 322688.5849772232 298271.7395871657 
505 1 26 322689.0476157586 298259.6639100126 
506 1 1089 322701.2131810454 297684.5404523781 
507 1 541 322713.9985615333 297081.3745611069 
508 1 25 322691.2588841201 298257.2506630739 
509 1 543 322715.2916743514 297077.74290110765 
510 1 1093 322703.28491431044 297718.9318135365 
511 1 1086 322704.3585025389 297685.38544395834 
512 1 159 322693.7528814593 298254.76205618004 
513 0 322694.5829280645 298276.43092644936 
514 1 1094 322706.3658791672 297719.7424835721 
515 1 1090 322707.9595955634 297686.25863801397 
516 1 163 322710.98026591074 297687.0320652377 
517 1 157 322702.16163552384 298268.5857719935 
518 1 550 322714.1425004625 297687.8323642937 
519 1 13 322704.56817699736 298265.27278874797 
520 2 12 548 322720.90433911385 297646.59084652143 
521 2 7 544 322733.7937076766 297083.9862234782 
522 0 322724.647589974 297564.7092326357 
523 1 549 322724.08983173437 297647.3295676662 
524 1 173 322726.2367770391 297562.1773588402 
525 2 172 799 322731.89707929 297574.3354423665 
526 1 797 322735.11043689004 297575.23084059445 
527 1 800 322736.4226169056 297557.44902123994 
528 1 798 322739.6199692085 297558.3440965843 
529 0 322757.7629379217 297447.86722775095 
530 1 1164 322741.6464686708 298294.47458716965 
531 0 322759.05178551853 297444.29853000736 
532 1 801 322759.5830222203 297439.5406847786 
533 1 184 322760.1433941117 297436.5147172998 
534 2 559 560 322743.4458050084 298291.14936078497 
535 2 175 183 322761.77282949595 297453.9285199509 
536 2 156 561 322747.18834868417 298312.5537188412 
537 1 174 322764.9989742533 297454.6860713755 
538 0 322749.03937452415 298313.4646916785 
539 1 28 322767.0512450921 297431.5651776292 
540 1 1088 322768.66399736307 297455.2673320858 
541 1 27 322770.2105854287 297432.4594849954 
542 1 1087 322771.8742657244 297455.9685217243 
543 2 176 547 322773.92235883244 297433.20380862436 
544 1 177 322777.090834899 297433.89314727305 
545 1 802 322783.79557560384 297105.3542957371 
546 1 155 322759.6194359265 298307.20218636113 
547 1 44 322785.0118592615 297101.36381973786 
548 1 785 322761.06279588444 298304.70640606934 
549 1 179 322779.91242456384 297376.82844560244 
550 1 188 322786.0834709009 297097.8978206535 
551 1 1168 322762.68316807377 298301.7698635293 
552 1 546 322783.05127383926 297377.498172061 
553 1 954 322786.4630224066 297338.0705041027 
554 1 10 322787.4585819778 297375.3623581821 
555 1 11 322790.6636352642 297376.02441249293 
556 1 181 322793.1835593411 297340.1294125375 
557 2 180 182 322796.4573251044 297340.60971495 
558 1 8 322800.76167904155 297267.078598948 
559 2 185 545 322802.06638883136 297249.3186390206 
560 1 9 322803.81325057265 297266.91494455613 
561 2 187 803 322810.4342532581 297130.4845936836 
562 2 24 784 322786.8143294833 298318.7857348032 
563 1 178 322806.49650877726 297357.6526434939 
564 1 47 322806.80506567843 297360.61506754404 
565 1 1033 322807.3049012224 297353.89012200874 
566 1 45 322813.17391268455 297126.2836447131 
567 1 186 322812.0129034682 297260.43427782186 
568 1 1035 322812.88052638253 297257.3574602521 
569 0 322827.8739456149 297105.5772979991 
570 0 322827.8697000161 297108.02203535114 
571 1 563 322869.90015964286 298359.9384171767 
572 1 783 323058.1615840342 298465.9086137321 
573 2 154 957 323059.8206270451 298462.89078678674 
574 2 153 564 323065.3905494892 298478.0403255751 
575 2 782 959 323086.12614397117 298480.96329648903 
576 1 919 323087.6548727027 298478.00588878046 
577 1 920 323579.57705609495 298638.3544122373 
578 2 14 565 323638.47038852295 298638.98952905944 
579 1 780 323670.54626685224 298650.31331350846 
580 1 781 323670.6823548738 298647.1376751293 
581 1 963 323670.7657227612 298644.095074216 
582 1 152 323670.955239828 298641.0986467081 
583 2 151 779 323680.8706769635 298655.2430358458 
584 1 150 323681.082783089 298666.0153849196 
585 0 323685.2869121803 298666.06613237906 
586 1 961 323696.07234297803 298651.8547948134 
587 1 778 323696.15325077367 298648.686049412 
588 1 566 323698.76910103223 298642.9344441788 
589 2 22 777 323822.9335708227 298608.8706755412 
590 1 1098 324378.2249135411 298575.36790722905 
591 2 15 567 324429.1576463004 298531.27593083226 
592 1 148 324464.5533581893 298506.06010725914 
593 1 149 324466.5774532177 298508.960073377 
594 1 774 324469.26120213064 298511.1077638922 
595 1 775 324471.3048276137 298514.23029125144 
596 1 147 324482.0229394755 298509.7118399374 
597 1 570 324484.81239329197 298491.9756835461 
598 1 568 324485.0785107793 298508.35838507314 
599 2 146 1099 324487.35747843166 298517.7263586203 
600 1 776 324487.77604157093 298498.1590532905 
601 1 569 324489.7704056557 298515.38821391395 
602 1 145 324495.196162635 298530.09561241744 
603 0 324498.28708394914 298527.53496063495 
604 2 1101 1159 324548.88793172897 298458.1131762705 
605 1 773 324778.2319741901 298227.55805555463 
606 2 571 572 324782.5951011331 298216.0012396911 
607 1 772 324820.0459066943 298169.962014334 
608 1 771 324823.77499088034 298172.4800435808 
609 1 573 324826.1012921656 298148.9751717775 
610 2 143 1104 324828.722918453 298150.92846293835 
611 1 965 324839.0088793256 298142.6294268723 
612 1 1105 324841.0967974955 298133.3304728053 
613 2 1102 1103 324849.88817625 298168.7833491528 
614 1 144 324852.88162040553 298166.7391142376 
615 2 1152 1153 324882.42943930364 298080.4952960216 
616 2 574 576 325107.6316053524 297795.17160414776 
617 1 1107 325146.6735875059 297769.33557148837 
618 1 575 325149.048660417 297772.7469965111 
619 1 1029 325152.2033031318 297750.6938718023 
620 2 140 142 325155.06578580476 297748.24568487436 
621 1 968 325160.39981164015 297766.6130263617 
622 1 1106 325161.89529432915 297769.7725418137 
623 1 141 325164.9645745476 297759.5486411298 
624 1 1109 325168.13918127154 297755.7657325617 
625 2 770 967 325172.6627703812 297763.9480471064 
626 1 578 325259.27891638037 297714.6236002084 
627 2 579 581 325536.1968560201 297745.3883257348 
628 1 580 325561.4087669039 297750.511096309 
629 1 1111 325561.81647790497 297746.4702467954 
630 1 769 325571.16218099545 297756.06979010755 
631 1 1115 325571.90704782703 297752.6792252668 
632 0 325581.0094114124 297739.35248827876 
633 2 768 969 325582.8180149614 297758.3533255767 
634 2 1112 1114 325583.3660676515 297739.60715551866 
635 1 583 325592.0386167497 297756.68480795977 
636 1 582 325592.9999378246 297752.4359525626 
637 1 584 325633.19751466543 297764.5929421815 
638 1 765 325662.16880497657 297773.5123283784 
639 1 767 325682.46420935803 297780.9578239626 
640 1 766 325683.580006034 297777.5847430965 
641 2 585 973 325701.8925803568 297777.69973498845 
642 1 587 325705.2209060948 297784.55998788134 
643 2 1117 1118 325713.638742665 297798.53616728145 
644 1 971 325714.6147078484 297783.43437125447 
645 1 586 325715.20289149415 297780.2207821986 
646 1 764 325730.3098679334 297808.9368978084 
647 0 325731.5075219299 297806.76537699805 
648 2 763 1120 325739.6828450471 297788.1939778531 
649 1 762 326162.6077374685 298005.0877395265 
650 1 20 326182.875884378 298020.88607726526 
651 1 588 326183.11053575255 298013.7643866026 
652 1 761 326184.21959864954 298018.3201955721 
653 1 139 326185.3946566991 298033.1041154266 
654 0 326188.0547410925 298034.88806260895 
655 2 137 138 326197.79735355213 298030.26181725203 
656 1 136 326199.4251768476 298027.6516253717 
657 1 589 326201.1674278066 298024.8756125402 
658 2 18 760 326217.77833996626 298038.8598957453 
659 2 1025 1027 326342.8546550978 298111.2257868156 
660 1 590 326402.3643396364 298140.44394378836 
661 1 592 326402.39837260905 298146.99562024634 
662 1 591 326404.5233314775 298143.80199782 
663 1 759 326444.91025464743 298175.6609254381 
664 2 16 593 326458.44628052914 298175.62560309976 
665 1 19 326484.89555617014 298199.24646769365 
666 1 758 326486.16321122914 298196.28374871693 
667 1 135 326537.8034250359 298207.657797911 
668 1 757 326537.90098933683 298211.0583560133 
669 1 50 326538.2407325585 298204.3831116715 
670 1 51 326539.1869483785 298228.9779254512 
671 0 326542.12402497744 298231.07069368055 
672 2 52 756 326543.96833844105 298222.736496684 
673 0 326544.7542180079 298233.24534165976 
674 1 594 326569.5321338673 298205.2992284782 
675 1 134 326570.13158054097 298211.404961092 
676 1 754 326576.8191175379 298210.5890708838 
677 1 1121 326577.3871396343 298214.18325542123 
678 1 595 326632.4615411286 298196.3442169567 
679 1 753 326634.07519500144 298199.3510202799 
680 1 755 326635.6637875216 298202.31028247846 
681 1 1165 326665.6740217252 298189.38802983955 
682 1 597 326667.25921411597 298192.46631468396 
683 1 596 326668.81644492206 298195.4919961054 
684 1 1166 326669.40332673385 298179.48760905716 
685 1 750 326672.06602658844 298191.466392821 
686 1 752 326672.71767602174 298194.83409083204 
687 1 1122 326690.71856098867 298180.48179646314 
688 1 912 326691.33948919893 298185.02577336365 
689 1 751 326762.93063204444 298205.3516068444 
690 0 326777.37946277077 298210.77184076107 
691 1 1123 326783.90638965723 298180.04988128686 
692 1 749 326846.693940643 298236.95229373564 
693 1 911 326849.0216187253 298233.6316528 
694 1 601 326874.8955617006 298246.9250843346 
695 1 600 326877.61153276946 298243.1579248455 
696 2 747 748 326883.1964484484 298257.22218725394 
697 1 602 326902.6624003655 298265.7058472864 
698 1 746 327029.8549130069 298351.3608755867 
699 2 133 975 327031.81024724967 298348.2418854901 
700 1 132 327034.65466569836 298365.15512495075 
701 1 974 327044.8399989307 298339.0203481896 
702 2 131 745 327044.9110660485 298360.9085170689 
703 1 603 327047.59219823056 298362.49274616234 
704 1 604 327049.3590332961 298359.6891993653 
705 1 605 327081.3704914013 298383.56440516864 
706 1 606 327083.14472476236 298380.791030235 
707 1 1124 327121.5267436612 298408.1562635456 
708 2 607 977 327172.86547381134 298433.34789020044 
709 2 17 608 327186.388586886 298440.50682786066 
710 1 1125 327258.3835928436 298498.83101453946 
711 1 125 327259.3441021665 298491.5958272613 
712 1 1126 327260.04995106487 298496.2956470177 
713 1 123 327260.9909290454 298489.08608578146 
714 2 124 128 327262.68214296724 298486.5091871523 
715 1 130 327264.8186529442 298513.6149872569 
716 1 122 327265.8949417203 298514.23714868823 
717 0 327268.779111424 298516.17474251916 
718 0 327280.08830134734 298489.54520898545 
719 1 126 327283.1566744751 298491.62862558156 
720 1 127 327285.4676073712 298493.0102439968 
721 1 120 327285.72914354765 298520.4405184031 
722 1 129 327287.43271341047 298517.79681750096 
723 1 740 327288.41993879236 298510.5271412081 
724 2 119 121 327289.14354798914 298515.1402530811 
725 1 742 327290.1078577022 298507.9151491496 
726 1 738 327291.8301638941 298505.3348741757 
727 1 737 327303.1373301122 298531.7639308401 
728 1 735 327304.8911237512 298529.21031071345 
729 2 733 744 327306.6614475674 298526.6310039253 
730 1 741 327308.6544448996 298523.72893634025 
731 1 743 327310.42576904694 298521.14964963426 
732 1 739 327312.1280519996 298518.6690474262 
733 1 609 327404.7965631715 298586.4410667322 
734 1 610 327406.4925226712 298583.9763487031 
735 0 327431.3292039824 298770.06038611615 
736 1 103 327433.5047322245 298766.7917158209 
737 1 104 327437.71115391306 298769.5115561448 
738 1 736 327445.9047917113 298624.8697828962 
739 2 728 979 327443.6212134557 298785.614981896 
740 1 734 327447.582326291 298622.2765949781 
741 1 732 327449.2891536984 298619.6699869437 
742 1 726 327446.49233523663 298787.207053019 
743 1 114 327450.9727320354 298616.57853879663 
744 2 115 611 327452.64103323146 298614.0462113732 
745 1 729 327452.35669923795 298768.65199209447 
746 1 727 327455.336557957 298770.26126719825 
747 0 327460.1085163611 298610.0876349137 
748 1 118 327460.4336024964 298634.2166811366 
749 1 117 327462.05730313895 298631.7124766558 
750 2 612 731 327462.91660491284 298611.62939527485 
751 2 116 730 327463.76985873457 298629.06995640096 
752 1 53 327463.86467404803 298624.91368070315 
753 1 54 327465.45919901656 298622.31781800714 
754 1 107 327497.0460433088 298658.2197709518 
755 1 106 327498.95875228575 298655.57728330564 
756 1 110 327499.5546933412 298648.1085641609 
757 1 105 327500.4923365486 298652.9761885251 
758 1 108 327500.2943395105 298678.1314867193 
759 1 1176 327501.1805079686 298645.6484357176 
760 1 109 327503.1408048937 298679.656008237 
761 1 615 327508.90018566634 298679.012558946 
762 1 613 327511.8928009141 298680.4359477139 
763 0 327520.14399727876 298654.9816796382 
764 3 111 112 113 327527.22405047284 298669.39338452776 
765 0 327529.77267071063 298665.29058949684 
766 1 616 327625.96716556995 299044.4216939173 
767 2 614 1127 327627.4295218156 299041.38282899355 
768 1 725 327631.3897332908 299055.8157038748 
769 1 724 327632.7792413368 299052.66728696274 
770 2 93 95 327643.7823041149 299052.58694102924 
771 1 94 327643.9141990115 299048.9247883223 
772 1 719 327654.67489412625 299087.8104639465 
773 1 99 327656.5088435148 299076.46871432936 
774 1 1020 327658.08774609986 299042.63856558764 
775 2 98 102 327659.48233612085 299076.6567759357 
776 1 1021 327661.87576126313 299044.96568137314 
777 1 1128 327662.89927481633 299076.93884534674 
778 0 327664.62992162415 299096.37663767405 
779 2 101 720 327665.7717330074 299045.0162252721 
780 1 1129 327666.23570880445 299077.1932713402 
781 1 100 327668.9908083022 299046.5742865622 
782 1 1133 327677.1801706336 299067.71152940847 
783 1 1132 327677.8526834268 299064.28745257115 
784 1 721 327678.89484116744 299076.72600013844 
785 2 96 97 327679.3745430376 299073.1859490519 
786 1 1130 327686.44897184777 299084.1038828225 
787 1 717 327687.19438418455 299079.39729035454 
788 1 1134 327698.27979658515 299073.54617496295 
789 1 1135 327698.9175187828 299070.110387781 
790 1 714 327748.46950582624 299071.850217768 
791 2 716 718 327749.16652819305 299075.29991209746 
792 1 887 328146.4749859375 299037.8310092243 
793 2 55 885 328147.173214788 299034.37241669337 
794 1 888 328255.96061616525 299060.2954715171 
795 1 886 328256.6977910769 299056.8907035734 
796 1 1136 328257.3482772153 299053.46717435366 
797 1 713 328264.36464765284 299072.32708232745 
798 1 712 328265.155495908 299068.84133345773 
799 1 983 328265.7472330936 299062.3262391605 
800 1 981 328266.51655263215 299058.96515244385 
801 1 1017 328275.92814432876 299048.1294527329 
802 1 90 328280.49765221897 299049.5196003471 
803 1 618 328283.34954885516 299037.02844503865 
804 1 91 328283.66952089965 299050.342147975 
805 2 619 1137 328286.5885915186 299037.79530316807 
806 1 89 328286.7744155023 299077.16537460504 
807 1 88 328287.509803649 299073.79960027244 
808 1 92 328288.1801788099 299070.7297438303 
809 1 889 328293.98883348925 299068.1898337713 
810 1 890 328294.71768295753 299064.8009097134 
811 1 703 328296.46052905975 299061.748677367 
812 1 708 328312.5571608855 299082.6301173339 
813 1 710 328313.3134559782 299079.26976808696 
814 2 702 711 328314.0071624406 299076.1843694665 
815 1 705 328314.80866841075 299072.61677152675 
816 1 706 328315.5803805872 299069.1866791431 
817 1 704 328316.2839979884 299066.0564456304 
818 1 707 328365.3141713817 299093.48055510985 
819 2 701 709 328366.0238614518 299090.0492112731 
820 1 620 328380.7898863811 299086.9403571709 
821 1 621 328381.6165098816 299083.5664135737 
822 1 64 328941.6686099877 298478.4868261396 
823 1 63 328941.95739954745 298481.5360021095 
824 0 328942.1161365327 298484.9798629959 
825 0 328942.1774997775 298488.04146647773 
826 2 65 868 328994.24047904875 298493.81287843734 
827 1 869 328994.8669444891 298491.0343513308 
828 1 622 328994.8376970767 299216.92620599753 
829 1 626 328995.02866625064 299209.2431113567 
830 1 624 328994.94893409975 299213.34567800193 
831 1 71 329015.7109461805 298510.893671129 
832 1 78 329016.0366970773 298503.96987867163 
833 1 79 329017.00387690746 298501.02008346334 
834 1 70 329016.9233371394 298507.9428155858 
835 2 80 81 329018.298501585 298497.0681102945 
836 0 329028.5166482615 298498.04874118126 
837 2 72 77 329029.7980943663 298519.66628208803 
838 1 867 329032.48973023053 298499.338787675 
839 0 329033.3317723371 298521.2076703749 
840 0 329036.5686394181 298522.877177734 
841 1 58 329036.76090849907 298727.7025075076 
842 2 74 75 329042.31285375555 298523.33526556985 
843 1 73 329043.7163065149 298520.68649291754 
844 1 76 329045.1612987634 298518.01253767847 
845 1 641 329041.061177522 298727.854269948 
846 1 66 329046.7264162972 298515.0888094273 
847 1 67 329047.4031190913 298511.95301749004 
848 1 643 329045.6725001362 298667.31634633685 
849 1 640 329044.5942499217 298727.8374439075 
850 0 329050.16846853343 298506.78073153907 
851 1 642 329049.1447505123 298667.7846692154 
852 1 684 329049.54712776374 298728.6788891981 
853 2 57 639 329049.33150592993 298812.62649396836 
854 1 68 329055.3218669192 298531.2294765968 
855 1 637 329050.6000605198 298818.55364005914 
856 2 865 866 329056.92541843455 298528.18643034686 
857 1 685 329053.0871139621 298728.7162443915 
858 1 682 329054.898305978 298668.6232433988 
859 1 638 329052.8307739487 298811.95348043786 
860 1 636 329054.0292909179 298817.83017638844 
861 1 683 329058.33333297377 298669.1508621965 
862 1 680 329057.26048231154 298728.7093271905 
863 1 686 329057.9912786504 298812.1265940173 
864 1 688 329058.76682487555 298815.9011410944 
865 1 69 329065.0533731269 298539.3208061719 
866 1 687 329061.440378981 298811.5096129731 
867 1 864 329067.2105435206 298534.4815242726 
868 1 689 329062.1805336415 298815.1533457758 
869 1 986 329068.54312454164 298565.5243923303 
870 1 987 329070.17142278043 298528.59562546667 
871 1 627 329057.0680906955 299206.88944062346 
872 1 625 329057.29438071756 299211.30041367025 
873 1 623 329057.4643241603 299214.7835333392 
874 1 988 329071.9673659953 298524.44860105653 
875 1 85 329069.79497898824 299210.559738927 
876 1 84 329069.89778510854 299213.9974707894 
877 1 700 329070.6036985226 299220.77794256294 
878 1 699 329070.9295118947 299223.82686738414 
879 1 56 329075.8245730872 299196.0229913331 
880 1 921 329088.05521714565 298519.7631105771 
881 1 631 329079.7608448765 299197.1531851383 
882 1 681 329092.5110458933 298571.5609698216 
883 0 329092.207183904 298590.2042748726 
884 1 630 329083.2098156764 299197.6840956752 
885 1 644 329096.74064691085 298572.58698200167 
886 1 82 329087.5395986991 299202.02970757225 
887 1 633 329088.8201306112 299147.66243590735 
888 1 1001 329102.4838381647 298557.41195208085 
889 1 996 329102.83553812356 298556.4973302963 
890 1 693 329090.4870341682 299186.1418049499 
891 1 83 329090.8641003651 299202.5791243617 
892 1 632 329092.2525664972 299148.36814778636 
893 1 895 329104.51889686997 298552.12686420954 
894 2 893 894 329104.46542555245 298557.45891339995 
895 1 698 329093.0022669864 299208.50879944855 
896 1 898 329106.3362215482 298554.2651344277 
897 1 695 329093.87664756394 299186.8866848354 
898 1 891 329094.5541099305 299211.95073432743 
899 1 635 329098.4808961161 299046.60789553163 
900 2 628 629 329095.4701176336 299215.5089465821 
901 1 86 329095.6768421937 299218.7065870764 
902 1 87 329095.89753853274 299222.1046642538 
903 1 697 329098.5745178197 299187.3216873313 
904 1 634 329102.02867239795 299046.60638264724 
905 1 995 329113.61179068603 298523.84317726095 
906 1 690 329107.027281005 299046.5200386133 
907 1 692 329106.93020450044 299062.69860437897 
908 1 691 329110.553694873 299046.4860701442 
909 2 694 696 329110.4849942405 299062.9944632317 
910 1 1011 329108.327901344 299207.1305578858 
911 1 892 329108.65962203767 299210.630951673 
912 1 1010 329109.0190733237 299201.98750486056 
913 1 646 329139.4791047323 298423.915997939 
914 1 645 329142.67036484485 298425.41545412753 
915 1 59 329145.7757743193 298400.2505403699 
916 1 992 329147.9242533444 298427.7571188737 
917 1 648 329149.66440792964 298401.90716809453 
918 1 998 329151.1133797774 298429.2134988384 
919 1 647 329152.7934356673 298403.4654157295 
920 1 650 329168.0588894924 298361.74067084945 
921 1 649 329171.2687621592 298363.21047835576 
922 1 678 329173.6303541224 298370.86598445656 
923 1 679 329176.8213206667 298372.33040705713 
924 1 61 329180.4655424717 298373.9981188911 
925 1 676 329195.14882265555 298242.3690262898 
926 3 60 62 677 329198.71672877675 298242.3619017893 
927 0 329201.45424393174 298620.058515139 
928 1 896 329202.899945401 298624.79431069124 
929 1 674 329369.4373692546 297714.57828464947 
930 1 675 329372.2986171638 297716.56245987426 
931 2 651 653 329379.02344725974 297684.5621244974 
932 1 652 329381.9321565813 297686.5252391541 
933 1 664 329415.53927558666 297622.73076896183 
934 1 662 329418.09026879165 297624.467501865 
935 2 658 660 329420.78337917203 297626.3031742861 
936 1 665 329424.9550814827 297608.1601429535 
937 1 663 329427.52638479555 297609.88227356004 
938 0 329430.02705311985 297583.63429733407 
939 1 1138 329430.0058794656 297599.1308846471 
940 1 661 329430.18567232345 297611.6582182532 
941 0 329431.4217373376 297581.7179055569 
942 2 659 666 329432.77345761284 297613.40670137777 
943 1 668 329433.53649486706 297578.38592113 
944 1 656 329433.6420753081 297600.5021940279 
945 1 669 329434.23058193683 297576.57149583497 
946 1 672 329435.7516416396 297615.44827585365 
947 2 1003 1142 329436.4676533801 297580.22839351516 
948 1 655 329436.3290787902 297602.24367023463 
949 1 1009 329438.79530875775 297592.74598560954 
950 1 673 329438.42974676687 297617.2836458068 
951 1 654 329438.99435649975 297603.9706976387 
952 1 1008 329441.4017139099 297594.41478186636 
953 1 657 329441.03283217875 297619.06746465806 
954 1 1141 329444.12816763856 297596.18507506873 
955 1 900 329445.16406412615 297601.14478717337 
956 1 901 329447.8938336574 297602.94917371316 
957 1 671 329450.705344182 297605.31564267306 
958 2 670 1144 329454.94173361873 297596.5732004915 
959 1 667 329455.95963281917 297578.59676625556 
960 1 1004 329458.51740758296 297580.3446441978 
961 1 1006 329461.3487958718 297582.2711722554 
962 2 1139 1140 329461.754576446 297600.8147247636 
963 0 329463.57901403797 297597.68604959775 
964 0 323067.1213983812 298499.99959992303 
965 1 23 323063.6803342651 298498.53517417633 
966 1 30 322104.1084284377 297438.0508584094 
967 0 322107.3976721442 297436.6210546904 
968 0 329464.4794072672 297595.814735753 
969 0 318078.0195399305 300705.2425874374 
970 1 899 329183.01537190215 298607.38218932366 
971 1 897 329181.8832786049 298610.27161687147 
972 1 427 317997.5562558486 300929.5040007346 
973 1 21 324860.8923998566 298180.700043773 
974 0 324862.7463985465 298178.684874693 
975 1 402 319442.66227242077 299397.40738074837 
976 1 189 322824.6748728895 297111.9165882662 
977 1 190 322824.71425551747 297112.4948126532 
978 0 319552.8590866385 299185.95554468874 
979 1 858 317458.2131273373 302799.95263185905 
980 1 857 317453.78582517896 302799.4619860734 
981 0 319697.9400870164 298971.9325721139 
982 1 229 317516.2957856099 302731.69174297876 
983 1 230 317447.7075697749 302799.0090705409 
984 1 906 319614.143693866 299139.17132526817 
985 1 915 326690.4503187164 298188.4254537598 
986 1 913 326696.4959628838 298184.5522974234 
987 1 910 326843.26528149366 298225.2402722012 
988 1 914 326838.2083637088 298226.18611409015 
989 1 925 318836.6280178422 299821.15753474756 
990 1 923 318835.3428764107 299817.9923283975 
991 1 372 319010.83455056406 299746.0569025557 
992 1 928 319016.7314821081 299707.175412415 
993 1 930 319019.3259818327 299709.57645288424 
994 1 1052 319022.66769903456 299711.8944925854 
995 1 936 319429.46212581266 299426.6587333063 
996 1 934 319431.54274818086 299431.6653224288 
997 1 932 319428.1591429372 299429.73672330915 
998 1 938 320051.86627361615 298619.78124484664 
999 1 940 320934.54155422683 298479.8133097848 
1000 1 1066 320944.0066688006 298481.3451480463 
1001 1 944 321572.64943686035 297835.72555141227 
1002 1 942 321573.856849198 297837.18895856675 
1003 1 946 321589.90662440896 297826.07506535226 
1004 1 1078 321862.0108785993 297606.43392436247 
1005 1 949 322336.4494176528 296965.6528835297 
1006 1 1082 322332.8331313414 296965.2357354697 
1007 1 952 322341.440054277 296963.3727079998 
1008 1 956 322657.324219336 297897.3078174384 
1009 1 958 323071.6121483854 298480.12723908963 
1010 1 960 323077.49089553766 298482.78967469087 
1011 1 964 323684.995863349 298655.387262557 
1012 1 962 323687.990068488 298655.5877432451 
1013 1 966 324831.72763383 298153.0405919896 
1014 1 1108 325162.2450289939 297762.2038640327 
1015 1 1110 325170.9232507235 297760.97976006416 
1016 1 970 325580.0880461121 297751.597209515 
1017 1 1113 325577.16626276984 297750.6326196547 
1018 1 972 325701.29373574327 297780.8960960273 
1019 1 1119 325709.88386946835 297785.7798482761 
1020 1 976 327046.6993887918 298357.98230942007 
1021 1 978 327184.8202410233 298442.9460961077 
1022 1 980 327435.4954222163 298772.59027081676 
1023 1 984 328285.7192218692 299066.4648693908 
1024 1 982 328286.46771545 299063.0943554694 
1025 2 999 1000 329100.6502188973 298541.9860703899 
1026 2 997 1002 329092.94291954604 298553.61678495293 
1027 3 985 991 994 329072.26103646203 298545.6198994587 
1028 2 990 993 329081.177754486 298526.81800386123 
1029 1 1007 329450.16051037476 297599.478141626 
1030 1 1005 329447.4124035059 297597.7394366546 
1031 1 1179 329452.372927426 297577.6497830219 
1032 1 1178 329449.5944462781 297575.9284799552 
1033 0 329113.4776938989 299204.11299508886 
1034 0 329113.71576854313 299206.59971729165 
1035 0 329114.0438794145 299210.0309849146 
1036 1 1012 329114.4719936979 299213.66442419705 
1037 1 1013 329114.8480887978 299217.29681444744 
1038 1 1014 329115.162281177 299220.32649079285 
1039 1 1015 328968.6012755121 299193.26121538447 
1040 1 1016 328287.13700742886 299035.41351916926 
1041 1 617 328283.78154751926 299034.6132895327 
1042 0 328279.2881099752 299033.56994216656 
1043 0 328278.800009414 299033.45701986307 
1044 0 327661.5634558828 299096.1836985968 
1045 0 327646.75562041724 299030.0545622041 
1046 1 1019 327655.64565988164 299087.8590626806 
1047 1 1018 327658.64992989 299088.0097159099 
1048 1 1131 327673.50366120506 299033.8504557679 
1049 1 1023 327670.52117811504 299033.4630605652 
1050 1 1022 327666.81209340197 299033.1771020091 
1051 0 327663.0682381806 299032.87843306613 
1052 0 327659.5661880303 299032.5986510684 
1053 1 1024 326515.8718075575 298217.8777383905 
1054 1 1028 326385.91716880153 298133.07998305926 
1055 1 1026 326384.25122011546 298136.48901679023 
1056 0 326391.30900819483 298135.0290938322 
1057 1 577 325149.04694544344 297741.7074929103 
1058 0 325146.5808192403 297744.0535871828 
1059 1 1030 322679.8953863024 298102.4403699369 
1060 0 322680.35423274693 298099.040080667 
1061 1 46 322819.1925416419 297359.4116956311 
1062 1 1032 322818.88931696926 297356.383329664 
1063 0 322818.5501556347 297353.0029773734 
1064 1 1034 322827.90369310527 297265.10384637973 
1065 0 322828.7380226258 297262.04036792787 
1066 1 1036 317206.7345864241 302915.7782470157 
1067 0 319398.7510555972 299399.1507165817 
1068 1 1038 319604.33965499344 299092.96496022516 
1069 1 1169 322286.0697086407 297133.77209867025 
1070 0 322351.01414741797 296929.4142986668 
1071 0 322348.60730449046 296928.026789728 
1072 1 1040 322353.9690230922 296931.01900731743 
1073 1 1084 322356.19431983697 296932.17869032384 
1074 0 322319.4503128311 296942.4902760297 
1075 1 519 322321.22835399985 296938.68125712464 
1076 1 989 329080.3010075543 298523.64488394494 
1077 1 1056 319015.2369756647 299731.55806342134 
1078 1 1054 319009.5246893108 299737.2700987302 
1079 1 1073 321100.8861736351 298392.7636710576 
1080 1 1092 322688.65741385444 297705.26095703786 
1081 1 1116 325583.3921888297 297755.04038082855 
1082 1 715 327687.675570632 299075.83325063967 
1083 1 1143 329457.24790973193 297593.5753307719 
1084 1 1145 329437.03277158976 297585.20863812626 
1085 2 804 1151 322594.4931907102 297039.4402455703 
1086 0 326770.82712874014 298179.219745464 
1087 1 1157 324471.9170591369 298509.228859816 
1088 1 1158 324488.65817159216 298497.5403606476 
1089 1 1100 324491.42364846304 298500.7965328651 
1090 1 1160 329079.1078039692 299200.75281146157 
1091 1 1161 329082.55419730156 299201.2626538104 
1092 1 1163 324846.21840531955 298141.3346971876 
1093 1 1162 324841.71191637754 298138.75796185556 
1094 2 786 787 322714.50388908444 298278.2616478079 
1095 1 722 327646.5079088828 299058.9137183751 
1096 1 723 327646.3745732267 299062.6969349989 
1097 1 598 326677.9748639619 298186.8339013299 
1098 1 599 326677.0350393563 298182.9179792274 
1099 1 1167 322807.101905193 298315.9343555592 
1100 1 1097 322812.81410590967 298325.0202182904 
1101 1 562 322811.0423105843 298328.02175897674 
1102 1 1039 322291.0923485131 297126.329735337 
1103 1 1170 322293.94144446414 297126.9265664702 
1104 1 1171 322297.1343663283 297127.59437584283 
1105 1 945 321614.840759922 297805.83839730726 
1106 1 1172 321612.53840792185 297803.4382385239 
1107 1 837 320801.619581152 298471.92230433703 
1108 1 836 320801.9706647706 298468.2086422454 
1109 1 505 321627.9796973404 297786.71693134337 
1110 1 1177 321625.49565929716 297792.83241683914 
1111 0 329465.18513191416 297557.82849661954 
1112 0 329462.1903849012 297556.0127641483 
1113 0 316631.67169115326 303059.4580845646 
1114 0 316632.2984933566 303062.9112083722 
1115 0 316632.93928888475 303066.31557940866 
